4
13
18
22
31
37
41
46
50
54
60
64
70
77
82
86
91
95
101
111
116
123
127
133
141
146
154
158
164
172
178
184
193
199
204
209
213
219
225
229
233
239
249
258
262
266
270
274
280
286
296
301
306
311
318
323
327
331
338
343
348
352
361
366
370
374
379
383
387
392
396
406
412
417
421
428
438
446
450
456
2
8
12
21
27
32
37
43
50
55
59
64
68
72
76
85
91
100
105
114
120
124
131
136
143
153
161
167
171
176
181
187
192
196
200
205
211
215
221
226
230
235
242
246
251
258
264
268
273
279
285
292
296
300
310
316
321
330
334
344
348
354
360
365
374
384
388
392
396
400
405
409
413
423
433
440
449
453
458
462
1
7
12
16
23
29
35
39
47
51
55
59
64
74
79
86
92
99
104
108
112
116
120
124
129
136
142
150
160
165
172
177
181
186
192
200
208
218
223
227
235
240
244
248
253
259
265
269
274
281
285
291
298
302
307
313
317
322
328
335
339
349
353
358
365
369
378
383
388
395
400
404
414
419
429
433
438
442
447
456
3
8
15
19
25
32
36
41
46
50
54
59
63
72
76
80
85
91
99
104
108
114
122
129
133
141
146
153
159
163
168
176
180
187
197
202
207
213
217
221
231
240
244
250
254
259
266
271
275
281
289
298
303
307
313
319
323
327
331
336
346
351
355
359
368
377
387
391
396
400
408
413
420
424
433
439
444
452
457
462
0
6
13
21
31
37
45
51
58
63
69
75
79
84
89
97
101
105
109
116
122
126
130
135
145
149
154
160
165
169
178
182
186
190
195
199
207
217
221
226
234
239
249
254
258
264
274
281
285
290
297
301
308
313
321
326
332
340
344
350
356
363
368
374
378
382
386
391
396
406
410
417
422
426
432
436
444
448
452
461
4
11
19
28
34
40
50
57
62
69
74
79
84
88
92
99
103
110
117
123
127
132
136
145
150
154
161
166
171
179
185
190
194
199
209
213
217
227
233
238
246
250
254
258
263
269
274
282
287
291
297
301
305
309
313
319
323
333
341
345
350
355
359
367
372
379
384
393
399
409
417
421
430
434
438
444
448
452
456
461
4
13
18
22
31
37
41
46
50
54
60
64
70
77
82
86
91
95
101
111
116
123
127
133
141
146
154
158
164
172
178
184
193
199
204
209
213
219
225
229
233
239
249
258
262
266
270
274
280
286
296
301
306
311
318
323
327
331
338
343
348
352
361
366
370
374
379
383
387
392
396
406
412
417
421
428
438
446
450
456
2
8
12
21
27
32
37
43
50
55
59
64
68
72
76
85
91
100
105
114
120
124
131
136
143
153
161
167
171
176
181
187
192
196
200
205
211
215
221
226
230
235
242
246
251
258
264
268
273
279
285
292
296
300
310
316
321
330
334
344
348
354
360
365
374
384
388
392
396
400
405
409
413
423
433
440
449
453
458
462
1
7
12
16
23
29
35
39
47
51
55
59
64
74
79
86
92
99
104
108
112
116
120
124
129
136
142
150
160
165
172
177
181
186
192
200
208
218
223
227
235
240
244
248
253
259
265
269
274
281
285
291
298
302
307
313
317
322
328
335
339
349
353
358
365
369
378
383
388
395
400
404
414
419
429
433
438
442
447
456
3
8
15
19
25
32
36
41
46
50
54
59
63
72
76
80
85
91
99
104
108
114
122
129
133
141
146
153
159
163
168
176
180
187
197
202
207
213
217
221
231
240
244
250
254
259
266
271
275
281
289
298
303
307
313
319
323
327
331
336
346
351
355
359
368
377
387
391
396
400
408
413
420
424
433
439
444
452
457
462
0
6
13
21
31
37
45
51
58
63
69
75
79
84
89
97
101
105
109
116
122
126
130
135
145
149
154
160
165
169
178
182
186
190
195
199
207
217
221
226
234
239
249
254
258
264
274
281
285
290
297
301
308
313
321
326
332
340
344
350
356
363
368
374
378
382
386
391
396
406
410
417
422
426
432
436
444
448
452
461
3
8
13
20
24
28
33
38
42
46
54
59
65
71
81
87
95
104
108
116
123
127
135
139
145
149
157
164
170
176
180
184
190
194
199
203
213
217
226
230
235
243
253
262
270
275
282
286
292
297
302
309
314
319
325
331
339
343
347
351
357
364
368
373
379
383
387
393
398
403
413
423
429
433
438
442
446
451
456
461
2
8
12
21
27
32
37
43
50
55
59
64
68
72
76
85
91
100
105
114
120
124
131
136
143
153
161
167
171
176
181
187
192
196
200
205
211
215
221
226
230
235
242
246
251
258
264
268
273
279
285
292
296
300
310
316
321
330
334
344
348
354
360
365
374
384
388
392
396
400
405
409
413
423
433
440
449
453
458
462
0
6
13
21
31
37
45
51
58
63
69
75
79
84
89
97
101
105
109
116
122
126
130
135
145
149
154
160
165
169
178
182
186
190
195
199
207
217
221
226
234
239
249
254
258
264
274
281
285
290
297
301
308
313
321
326
332
340
344
350
356
363
368
374
378
382
386
391
396
406
410
417
422
426
432
436
444
448
452
461
3
8
15
19
25
32
36
41
46
50
54
59
63
72
76
80
85
91
99
104
108
114
122
129
133
141
146
153
159
163
168
176
180
187
197
202
207
213
217
221
231
240
244
250
254
259
266
271
275
281
289
298
303
307
313
319
323
327
331
336
346
351
355
359
368
377
387
391
396
400
408
413
420
424
433
439
444
452
457
462
1
11
15
20
24
33
40
45
55
61
71
80
84
89
97
104
109
117
121
126
136
143
147
153
158
164
168
173
182
188
193
199
205
210
214
220
225
230
234
238
243
248
252
257
261
266
270
275
279
285
291
295
299
303
310
315
322
330
334
339
344
350
359
364
371
375
381
385
391
397
401
406
410
419
427
436
441
446
456
460
1
7
15
20
28
33
38
42
46
52
59
65
72
76
81
86
91
95
99
104
111
115
120
125
134
138
142
146
150
154
158
167
174
179
186
194
198
202
209
214
222
226
236
242
247
254
259
263
272
279
283
292
296
303
307
311
320
326
336
341
350
354
359
367
371
375
381
391
395
402
412
422
426
430
435
439
445
449
457
462
3
8
13
20
24
28
33
38
42
46
54
59
65
71
81
87
95
104
108
116
123
127
135
139
145
149
157
164
170
176
180
184
190
194
199
203
213
217
226
230
235
243
253
262
270
275
282
286
292
297
302
309
314
319
325
331
339
343
347
351
357
364
368
373
379
383
387
393
398
403
413
423
429
433
438
442
446
451
456
461
2
8
12
21
27
32
37
43
50
55
59
64
68
72
76
85
91
100
105
114
120
124
131
136
143
153
161
167
171
176
181
187
192
196
200
205
211
215
221
226
230
235
242
246
251
258
264
268
273
279
285
292
296
300
310
316
321
330
334
344
348
354
360
365
374
384
388
392
396
400
405
409
413
423
433
440
449
453
458
462
0
6
13
21
31
37
45
51
58
63
69
75
79
84
89
97
101
105
109
116
122
126
130
135
145
149
154
160
165
169
178
182
186
190
195
199
207
217
221
226
234
239
249
254
258
264
274
281
285
290
297
301
308
313
321
326
332
340
344
350
356
363
368
374
378
382
386
391
396
406
410
417
422
426
432
436
444
448
452
461
3
8
15
19
25
32
36
41
46
50
54
59
63
72
76
80
85
91
99
104
108
114
122
129
133
141
146
153
159
163
168
176
180
187
197
202
207
213
217
221
231
240
244
250
254
259
266
271
275
281
289
298
303
307
313
319
323
327
331
336
346
351
355
359
368
377
387
391
396
400
408
413
420
424
433
439
444
452
457
462
1
11
15
20
24
33
40
45
55
61
71
80
84
89
97
104
109
117
121
126
136
143
147
153
158
164
168
173
182
188
193
199
205
210
214
220
225
230
234
238
243
248
252
257
261
266
270
275
279
285
291
295
299
303
310
315
322
330
334
339
344
350
359
364
371
375
381
385
391
397
401
406
410
419
427
436
441
446
456
460
4
11
19
28
34
40
50
57
62
69
74
79
84
88
92
99
103
110
117
123
127
132
136
145
150
154
161
166
171
179
185
190
194
199
209
213
217
227
233
238
246
250
254
258
263
269
274
282
287
291
297
301
305
309
313
319
323
333
341
345
350
355
359
367
372
379
384
393
399
409
417
421
430
434
438
444
448
452
456
461
4
13
18
22
31
37
41
46
50
54
60
64
70
77
82
86
91
95
101
111
116
123
127
133
141
146
154
158
164
172
178
184
193
199
204
209
213
219
225
229
233
239
249
258
262
266
270
274
280
286
296
301
306
311
318
323
327
331
338
343
348
352
361
366
370
374
379
383
387
392
396
406
412
417
421
428
438
446
450
456
1
7
12
16
23
29
35
39
47
51
55
59
64
74
79
86
92
99
104
108
112
116
120
124
129
136
142
150
160
165
172
177
181
186
192
200
208
218
223
227
235
240
244
248
253
259
265
269
274
281
285
291
298
302
307
313
317
322
328
335
339
349
353
358
365
369
378
383
388
395
400
404
414
419
429
433
438
442
447
456
3
8
15
19
25
32
36
41
46
50
54
59
63
72
76
80
85
91
99
104
108
114
122
129
133
141
146
153
159
163
168
176
180
187
197
202
207
213
217
221
231
240
244
250
254
259
266
271
275
281
289
298
303
307
313
319
323
327
331
336
346
351
355
359
368
377
387
391
396
400
408
413
420
424
433
439
444
452
457
462
1
7
15
20
28
33
38
42
46
52
59
65
72
76
81
86
91
95
99
104
111
115
120
125
134
138
142
146
150
154
158
167
174
179
186
194
198
202
209
214
222
226
236
242
247
254
259
263
272
279
283
292
296
303
307
311
320
326
336
341
350
354
359
367
371
375
381
391
395
402
412
422
426
430
435
439
445
449
457
462
3
8
13
20
24
28
33
38
42
46
54
59
65
71
81
87
95
104
108
116
123
127
135
139
145
149
157
164
170
176
180
184
190
194
199
203
213
217
226
230
235
243
253
262
270
275
282
286
292
297
302
309
314
319
325
331
339
343
347
351
357
364
368
373
379
383
387
393
398
403
413
423
429
433
438
442
446
451
456
461
4
11
19
28
34
40
50
57
62
69
74
79
84
88
92
99
103
110
117
123
127
132
136
145
150
154
161
166
171
179
185
190
194
199
209
213
217
227
233
238
246
250
254
258
263
269
274
282
287
291
297
301
305
309
313
319
323
333
341
345
350
355
359
367
372
379
384
393
399
409
417
421
430
434
438
444
448
452
456
461
4
13
18
22
31
37
41
46
50
54
60
64
70
77
82
86
91
95
101
111
116
123
127
133
141
146
154
158
164
172
178
184
193
199
204
209
213
219
225
229
233
239
249
258
262
266
270
274
280
286
296
301
306
311
318
323
327
331
338
343
348
352
361
366
370
374
379
383
387
392
396
406
412
417
421
428
438
446
450
456
1
7
12
16
23
29
35
39
47
51
55
59
64
74
79
86
92
99
104
108
112
116
120
124
129
136
142
150
160
165
172
177
181
186
192
200
208
218
223
227
235
240
244
248
253
259
265
269
274
281
285
291
298
302
307
313
317
322
328
335
339
349
353
358
365
369
378
383
388
395
400
404
414
419
429
433
438
442
447
456
3
8
15
19
25
32
36
41
46
50
54
59
63
72
76
80
85
91
99
104
108
114
122
129
133
141
146
153
159
163
168
176
180
187
197
202
207
213
217
221
231
240
244
250
254
259
266
271
275
281
289
298
303
307
313
319
323
327
331
336
346
351
355
359
368
377
387
391
396
400
408
413
420
424
433
439
444
452
457
462
1
7
15
20
28
33
38
42
46
52
59
65
72
76
81
86
91
95
99
104
111
115
120
125
134
138
142
146
150
154
158
167
174
179
186
194
198
202
209
214
222
226
236
242
247
254
259
263
272
279
283
292
296
303
307
311
320
326
336
341
350
354
359
367
371
375
381
391
395
402
412
422
426
430
435
439
445
449
457
462
