1.337601 68.579084 1
3.444106 71.203798 2
1.006956 60.997216 1
2.008317 50.099334 2
0.873005 54.017939 1
2.856850 53.651701 2
2.452969 55.029097 2
0.587708 34.625664 1
1.503031 42.802014 2
0.692095 45.614476 1
1.142068 65.987961 1
0.749024 50.736450 1
2.627402 64.620459 2
1.212502 61.743521 1
0.638375 41.761899 1
1.176395 59.571647 1
2.086643 48.555316 2
1.807578 41.299846 2
0.549821 39.509475 1
2.002979 51.389172 2
0.761338 48.893475 1
2.060635 57.245343 2
3.573066 70.980541 2
1.730136 53.714809 2
2.220842 55.469646 2
3.077646 63.169439 2
0.758913 50.208492 1
1.620124 46.896444 2
2.181358 56.173130 2
0.821230 55.271976 1
1.136022 67.171017 1
0.870378 52.968053 1
0.552626 39.308017 1
2.531270 61.712399 2
0.973815 53.180819 1
1.051951 58.226139 1
0.816630 50.809189 1
0.745421 34.532122 1
3.450544 66.393420 2
2.799711 62.332134 2
1.033993 50.779622 1
1.636357 40.576805 2
3.032323 69.683138 2
1.925499 42.302352 2
2.365792 57.591558 2
0.993908 60.384413 1
3.038169 75.519090 2
0.647526 35.417854 1
2.163343 50.657618 2
1.279034 64.076739 1
0.650513 42.185692 1
0.545754 38.640773 1
0.684877 44.849761 1
3.064596 64.376574 2
0.697376 46.496315 1
1.180120 60.561614 1
1.525003 45.775421 2
2.016247 49.940525 2
2.958770 64.579882 2
2.644184 61.184449 2
0.945135 50.845258 1
3.683329 65.151017 2
1.164023 61.075071 1
0.783864 44.148801 1
1.189003 55.752773 1
1.641224 46.373041 2
0.686571 37.710137 1
1.036078 57.678672 1
0.542306 33.217503 1
1.635202 40.604930 2
0.602832 40.525997 1
0.969457 46.256636 1
1.537612 36.088525 2
1.148349 61.578721 1
2.784890 68.639744 2
2.716379 61.276334 2
2.349637 52.063553 2
1.791491 52.325402 2
1.051641 58.237445 1
2.550249 55.812603 2
3.535335 65.555984 2
3.264953 71.040081 2
2.134306 51.200834 2
2.650763 59.988800 2
2.944664 66.785233 2
0.625828 31.179421 1
1.415596 32.528911 2
0.790613 49.744463 1
0.588314 40.325770 1
3.095437 66.083581 2
2.000389 51.441107 2
1.050112 52.517795 1
1.570447 41.043694 2
0.815250 43.751567 1
1.589239 35.948810 2
1.184553 61.518259 1
1.031487 61.196089 1
1.820649 44.556883 2
0.714776 40.769813 1
2.049907 39.802602 2
0.862720 55.646580 1
0.718569 31.503582 1
2.595379 59.675166 2
2.075993 46.383746 2
0.877703 56.124389 1
0.807745 46.501074 1
2.349741 48.510159 2
3.321217 71.412662 2
1.826037 51.560283 2
0.773195 41.155444 1
1.582826 45.459772 2
2.840180 70.806213 2
2.961991 66.585713 2
0.710031 51.702563 1
0.970769 53.305563 1
1.511919 42.565074 2
1.078403 59.524232 1
0.763659 52.319681 1
3.461928 67.278648 2
1.660839 39.985929 2
2.871041 70.473418 2
1.247844 63.908038 1
2.278260 50.941457 2
2.217024 56.688038 2
0.624082 39.150977 1
2.818588 62.085411 2
1.502103 34.726998 2
0.716628 41.842008 1
1.771218 49.235886 2
2.143521 46.278479 2
1.420141 35.750898 2
0.827837 49.074582 1
2.863663 64.695296 2
1.765212 43.432108 2
0.624862 36.794948 1
0.742609 39.252164 1
0.662697 37.944681 1
1.104253 63.014473 1
0.768356 47.333765 1
2.175720 59.672380 2
2.012959 57.012442 2
0.916653 48.521609 1
2.345978 48.574922 2
2.992327 68.213754 2
0.661023 43.906861 1
1.783133 54.849272 2
1.643397 40.405795 2
0.892159 53.155041 1
1.011556 56.323893 1
3.275146 71.829629 2
2.964213 62.395164 2
0.857472 44.087119 1
1.722521 40.875825 2
2.806512 61.155986 2
1.035880 58.816340 1
1.208550 67.067462 1
2.720657 61.217824 2
0.499007 36.393125 1
1.920099 41.236957 2
0.951773 49.378478 1
0.703856 40.211696 1
0.845316 47.041139 1
1.016820 58.401239 1
1.576717 39.714508 2
2.453943 63.911579 2
2.354514 51.980527 2
1.142068 66.050468 1
2.220842 55.503280 2
2.452969 55.061521 2
2.086643 48.569970 2
3.573066 71.056752 2
1.176395 59.616540 1
0.873005 54.047588 1
0.587708 34.602081 1
0.638375 41.757905 1
1.212502 61.794376 1
0.552626 39.297287 1
0.973815 53.208169 1
1.620124 46.906544 2
2.799711 62.384605 2
3.077646 63.224208 2
1.136022 67.236771 1
0.821230 55.305067 1
3.064596 64.434657 2
1.033993 50.800382 1
1.164023 61.124091 1
2.644184 61.233770 2
0.542306 33.190055 1
1.635202 40.597760 2
0.790613 49.762382 1
1.537612 36.068958 2
1.148349 61.629124 1
0.783864 44.151360 1
2.716379 61.325907 2
1.031487 61.245442 1
0.815250 43.753034 1
0.703184 48.554045 1
3.535335 65.617305 2
1.589239 35.928860 2
1.570447 41.037729 2
0.625828 31.146378 1
0.718569 31.471429 1
2.000389 51.463682 2
3.095437 66.146350 2
2.959596 62.505019 2
3.221747 70.622077 2
2.241477 51.618081 2
0.864485 44.950127 1
2.898826 66.380810 2
2.729231 57.791113 2
1.172561 61.945677 1
2.349741 48.524689 2
3.254408 69.377224 2
0.807745 46.510089 1
0.631596 35.223280 1
2.701760 59.310561 2
1.377116 72.308052 1
1.110293 62.869999 1
1.533413 40.815867 2
1.292627 64.804369 1
1.006985 59.937524 1
1.582826 45.465929 2
2.105350 52.951728 2
0.848280 46.909688 1
2.928989 67.031220 2
1.934836 43.290218 2
0.970769 53.333256 1
1.916348 48.444844 2
0.703763 37.878747 1
2.840180 70.881946 2
0.669691 38.675867 1
1.297388 65.707611 1
0.670923 44.497037 1
3.461928 67.344697 2
0.647393 54.242830 1
0.946275 56.668862 1
1.094795 65.475226 1
1.737503 51.216236 2
1.660839 39.977060 2
2.278260 50.962661 2
2.621961 55.913084 2
1.064367 55.515609 1
1.895832 42.925369 2
2.143521 46.286883 2
1.468169 36.722140 2
2.871041 70.548237 2
1.420141 35.730404 2
3.087482 64.169106 2
0.827837 49.090661 1
1.359532 62.991718 1
1.502103 34.703694 2
1.040230 54.094957 1
1.558462 41.344693 2
0.716628 41.838234 1
0.562066 31.854509 1
3.436064 67.596504 2
2.644028 65.492562 2
0.916653 48.536170 1
0.661023 43.908755 1
2.175720 59.717550 2
2.345978 48.589630 2
2.992327 68.282370 2
0.892159 53.182321 1
3.481684 70.949637 2
1.398234 66.170846 1
2.610766 59.495521 2
3.259197 66.396470 2
3.444613 70.371189 2
0.855960 52.486162 1
1.962544 54.578279 2
2.500051 51.957925 2
0.728967 43.520154 1
0.703856 40.203447 1
1.841569 45.288939 2
1.199027 64.340469 1
0.638018 42.964073 1
2.292003 55.419207 2
3.845314 66.775313 2
1.069764 60.982743 1
0.845316 47.051637 1
2.614723 68.847420 2
1.129177 57.802654 1
0.894760 54.238156 1
1.626665 38.468918 2
1.195260 61.233369 1
0.582349 36.086780 1
3.015294 71.742503 2
0.835603 43.945019 1
2.362941 59.932916 2
2.121853 56.140045 2
2.765182 59.547021 2
0.717282 37.132694 1
1.725309 39.631801 2
3.715368 66.944406 2
1.307442 64.399704 1
0.793209 46.053886 1
1.332929 68.762861 1
1.250231 58.412356 1
0.574601 47.203125 1
1.793652 46.357850 2
1.296911 60.377771 1
2.107580 50.545140 2
0.891674 42.510739 1
1.454632 31.491309 2
1.142824 58.474041 1
1.880286 51.588509 2
0.894234 44.770876 1
3.098442 72.672357 2
1.600896 34.517113 2
1.568001 41.100148 2
0.549732 33.786857 1
1.354982 66.240302 1
1.459045 34.691318 2
1.133036 59.925822 1
2.563482 59.070704 2
1.781902 44.241016 2
1.953791 57.066925 2
1.726400 39.606663 2
2.830716 63.057434 2
1.192662 62.403125 1
1.082104 65.881362 1
3.009403 66.104205 2
2.657241 50.686941 2
0.763929 46.386636 1
3.536375 66.622720 2
0.701965 46.239337 1
0.533974 33.774602 1
0.759885 45.409473 1
1.586135 38.304151 2
0.572939 37.871230 1
2.561787 57.965193 2
3.059373 56.781300 2
2.836465 61.903653 2
2.031065 44.895173 2
1.867226 44.728441 2
3.591819 70.896399 2
1.636429 37.078507 2
0.945775 56.689550 1
1.683410 47.737883 2
0.624311 34.540850 1
0.922928 44.682758 1
0.599086 40.767800 1
0.971926 57.915882 1
0.532500 40.775445 1
1.443340 40.884697 2
0.737018 40.713706 1
1.302874 64.524274 1
2.219536 48.451398 2
1.448677 40.737064 2
3.712965 70.780599 2
0.628345 33.181756 1
1.008274 52.993643 1
1.380786 62.424193 1
1.478677 41.093670 2
0.646841 37.726202 1
0.863812 53.297442 1
1.261904 68.630447 1
2.118205 49.153006 2
2.373632 61.966187 2
1.223138 60.368344 1
1.090778 61.354553 1
0.626334 30.048293 1
3.638062 70.501206 2
2.641502 56.774410 2
1.600825 46.199817 2
2.119607 53.856074 2
1.386299 64.408611 1
1.869754 44.673666 2
0.731555 49.334102 1
1.944991 49.035131 2
0.873005 54.017939 1
1.503031 42.802014 2
1.807578 41.299846 2
1.142068 65.987961 1
3.444106 71.203798 2
0.587708 34.625664 1
0.692095 45.614476 1
1.212502 61.743521 1
2.627402 64.620459 2
2.856850 53.651701 2
2.452969 55.029097 2
2.086643 48.555316 2
0.549821 39.509475 1
1.006956 60.997216 1
2.002979 51.389172 2
2.008317 50.099334 2
1.337601 68.579084 1
0.638375 41.761899 1
1.176395 59.571647 1
0.749024 50.736450 1
1.730136 53.714809 2
2.531270 61.712399 2
0.973815 53.180819 1
2.799711 62.332134 2
3.450544 66.393420 2
1.051951 58.226139 1
3.573066 70.980541 2
0.870378 52.968053 1
0.821230 55.271976 1
0.761338 48.893475 1
0.758913 50.208492 1
2.220842 55.469646 2
0.816630 50.809189 1
2.060635 57.245343 2
2.181358 56.173130 2
0.552626 39.308017 1
3.077646 63.169439 2
0.745421 34.532122 1
1.136022 67.171017 1
1.620124 46.896444 2
1.180120 60.561614 1
1.033993 50.779622 1
0.993908 60.384413 1
1.279034 64.076739 1
0.545754 38.640773 1
1.925499 42.302352 2
1.525003 45.775421 2
0.684877 44.849761 1
2.644184 61.184449 2
2.163343 50.657618 2
2.958770 64.579882 2
2.365792 57.591558 2
0.697376 46.496315 1
3.032323 69.683138 2
3.038169 75.519090 2
0.647526 35.417854 1
1.636357 40.576805 2
0.650513 42.185692 1
2.016247 49.940525 2
3.064596 64.376574 2
1.641224 46.373041 2
1.537612 36.088525 2
2.784890 68.639744 2
0.542306 33.217503 1
1.635202 40.604930 2
1.036078 57.678672 1
0.686571 37.710137 1
0.969457 46.256636 1
2.550249 55.812603 2
3.683329 65.151017 2
2.716379 61.276334 2
1.051641 58.237445 1
0.602832 40.525997 1
2.349637 52.063553 2
1.164023 61.075071 1
1.791491 52.325402 2
1.148349 61.578721 1
0.783864 44.148801 1
1.189003 55.752773 1
0.945135 50.845258 1
1.050112 52.517795 1
3.095437 66.083581 2
1.031487 61.196089 1
2.944664 66.785233 2
2.650763 59.988800 2
0.714776 40.769813 1
1.415596 32.528911 2
1.570447 41.043694 2
3.264953 71.040081 2
2.049907 39.802602 2
1.589239 35.948810 2
1.184553 61.518259 1
2.000389 51.441107 2
0.790613 49.744463 1
0.815250 43.751567 1
0.588314 40.325770 1
3.535335 65.555984 2
1.820649 44.556883 2
0.625828 31.179421 1
2.134306 51.200834 2
0.864485 44.945383 1
0.718569 31.503582 1
1.428518 48.418648 2
2.959596 62.452218 2
1.377116 72.228415 1
2.740047 63.117243 2
1.039894 63.059285 1
0.631596 35.245162 1
3.254408 69.305610 2
1.110293 62.816199 1
0.549983 32.691715 1
1.811996 45.937737 2
2.499537 63.249250 2
2.110681 52.824170 2
2.961991 66.585713 2
1.209226 62.920486 1
1.364980 66.929363 1
2.612225 60.539955 2
0.669691 38.688298 1
1.064367 55.481942 1
0.866318 57.775214 1
1.094795 65.414294 1
2.635605 54.515774 2
2.807461 56.654806 2
0.580631 35.088522 1
2.547400 70.534339 2
1.468169 36.739920 2
1.184309 59.316998 1
1.247844 63.908038 1
1.765212 43.432108 2
0.768333 42.586499 1
1.558462 41.349818 2
0.767622 56.763792 1
1.502103 34.726998 2
2.080057 53.406666 2
2.803666 56.707514 2
1.040230 54.065179 1
1.489917 41.973256 2
2.021293 49.839757 2
1.104253 63.014473 1
0.916653 48.521609 1
2.012959 57.012442 2
2.345978 48.574922 2
2.610766 59.450958 2
1.011556 56.323893 1
1.783133 54.849272 2
1.421457 36.853694 2
0.666900 43.550124 1
1.398234 66.108010 1
0.728967 43.519324 1
1.841569 45.283267 2
1.257384 65.712363 1
2.964213 62.395164 2
3.259197 66.333016 2
1.016820 58.401239 1
3.845314 66.710822 2
1.920099 41.236957 2
0.703856 40.211696 1
0.951773 49.378478 1
1.129177 57.762726 1
0.638018 42.964765 1
0.924463 52.909401 1
0.749024 50.757091 1
1.142068 66.050468 1
2.856850 53.680344 2
2.008317 50.118226 2
0.549821 39.499298 1
3.573066 71.056752 2
2.086643 48.569970 2
2.627402 64.679212 2
2.452969 55.061521 2
2.002979 51.411605 2
0.821230 55.305067 1
1.051951 58.267339 1
1.136022 67.236771 1
0.745421 34.508283 1
3.450544 66.457039 2
1.925499 42.299842 2
3.064596 64.434657 2
2.365792 57.631017 2
1.164023 61.124091 1
0.697376 46.505317 1
1.180120 60.609225 1
0.650513 42.182861 1
2.958770 64.638523 2
1.537612 36.068958 2
1.820649 44.560561 2
0.542306 33.190055 1
0.945135 50.866198 1
2.944664 66.849928 2
1.184553 61.568496 1
1.415596 32.499572 2
2.650763 60.034839 2
0.588314 40.317834 1
2.134306 51.222750 2
1.559585 42.497551 2
1.059355 56.854358 1
2.595379 59.720344 2
3.049538 71.403076 2
2.421149 56.730761 2
2.959596 62.505019 2
0.702936 39.086193 1
0.670016 39.823234 1
0.877703 56.159820 1
1.039894 63.113752 1
3.254408 69.377224 2
2.729231 57.791113 2
0.631596 35.223280 1
1.172561 61.945677 1
1.071133 64.167671 1
0.939772 49.908623 1
2.110681 52.850541 2
1.129759 67.422992 1
1.006985 59.937524 1
2.808948 71.219885 2
0.899787 57.485693 1
2.615530 50.138424 2
2.175944 51.628726 2
0.970769 53.333256 1
0.832757 44.082966 1
0.613212 36.365252 1
0.669691 38.675867 1
1.660839 39.977060 2
1.433526 37.656187 2
1.078403 59.568995 1
2.796173 53.363623 2
0.647393 54.242830 1
0.946275 56.668862 1
3.461928 67.344697 2
0.763659 52.344668 1
2.143521 46.286883 2
1.247844 63.964835 1
1.468169 36.722140 2
0.580631 35.066210 1
2.818588 62.137205 2
0.866318 57.815177 1
0.742609 39.241281 1
0.624082 39.139817 1
1.064367 55.515609 1
0.662697 37.930209 1
1.040230 54.094957 1
1.502103 34.703694 2
2.080057 53.434637 2
0.716628 41.838234 1
1.361112 69.038273 1
3.054160 71.357268 2
1.359532 62.991718 1
0.624862 36.777319 1
3.087482 64.169106 2
2.345978 48.589630 2
1.130207 56.622877 1
0.562066 31.854509 1
2.047557 46.951872 2
2.012959 57.050310 2
2.644028 65.492562 2
2.175720 59.717550 2
0.892159 53.182321 1
0.857472 44.089508 1
2.992327 68.282370 2
1.398234 66.170846 1
1.920099 41.231522 2
3.275146 71.908172 2
2.328862 58.239406 2
2.453943 63.968386 2
1.806356 54.368236 2
0.640085 38.139146 1
1.069764 60.982743 1
0.845316 47.051637 1
0.638018 42.964073 1
2.292003 55.419207 2
0.951773 49.395391 1
0.499007 36.374394 1
1.199027 64.340469 1
1.016461 61.791107 1
0.818397 57.741155 1
0.582349 36.086780 1
3.030674 62.712962 2
0.609589 36.595721 1
2.812461 66.409599 2
0.894760 54.238156 1
0.895998 47.075493 1
0.870084 54.180891 1
0.990567 61.657509 1
3.715368 66.944406 2
0.591341 36.634081 1
0.898716 48.145229 1
2.765182 59.547021 2
1.475137 40.014551 2
1.307442 64.399704 1
0.998082 51.039864 1
3.155547 65.478170 2
1.793652 46.357850 2
1.036566 58.833794 1
2.568198 61.224440 2
1.470503 43.683946 2
1.296911 60.377771 1
0.891674 42.510739 1
0.878543 52.621093 1
1.345828 66.473315 1
3.847124 67.751326 2
0.660586 38.055766 1
0.648174 34.231915 1
3.098442 72.672357 2
3.019331 69.891812 2
2.871801 65.687505 2
1.312430 57.672783 1
1.449572 34.940801 2
1.387135 63.329973 1
2.601263 65.032716 2
1.726400 39.606663 2
2.333249 62.597754 2
1.459045 34.691318 2
1.133036 59.925822 1
0.625782 41.377281 1
1.953791 57.066925 2
1.262033 56.908290 1
0.591549 38.930669 1
0.763929 46.386636 1
1.964998 46.235598 2
2.830716 63.057434 2
1.116826 55.936935 1
0.533974 33.774602 1
1.035149 62.204564 1
2.466314 59.423261 2
3.009403 66.104205 2
3.059373 56.781300 2
1.867226 44.728441 2
0.648717 39.938563 1
0.572939 37.871230 1
1.481419 35.235566 2
1.162416 67.453626 1
1.463406 38.001206 2
3.245186 73.032795 2
0.759963 43.026345 1
1.372931 68.757592 1
0.599086 40.767800 1
0.971926 57.915882 1
0.922928 44.682758 1
3.093071 68.160069 2
2.957117 64.658349 2
3.130406 67.761629 2
0.804734 50.235404 1
2.663147 58.736063 2
0.956656 58.526642 1
2.219536 48.451398 2
1.884437 51.499775 2
0.612581 35.267958 1
0.863812 53.297442 1
1.380786 62.424193 1
1.829370 45.558310 2
1.261904 68.630447 1
1.846585 51.132721 2
0.617020 40.764272 1
0.626334 30.048293 1
2.119607 53.856074 2
1.869754 44.673666 2
1.047690 61.759501 1
1.944991 49.035131 2
2.002979 51.389172 2
1.337601 68.579084 1
1.807578 41.299846 2
2.452969 55.029097 2
1.176395 59.571647 1
2.008317 50.099334 2
0.692095 45.614476 1
3.444106 71.203798 2
0.587708 34.625664 1
0.873005 54.017939 1
0.549821 39.509475 1
2.627402 64.620459 2
1.503031 42.802014 2
1.142068 65.987961 1
2.856850 53.651701 2
0.749024 50.736450 1
1.212502 61.743521 1
1.006956 60.997216 1
2.086643 48.555316 2
0.638375 41.761899 1
2.531270 61.712399 2
0.758913 50.208492 1
0.870378 52.968053 1
3.450544 66.393420 2
0.973815 53.180819 1
0.816630 50.809189 1
2.060635 57.245343 2
1.051951 58.226139 1
2.220842 55.469646 2
1.730136 53.714809 2
2.181358 56.173130 2
0.745421 34.532122 1
3.077646 63.169439 2
1.620124 46.896444 2
0.821230 55.271976 1
0.761338 48.893475 1
2.799711 62.332134 2
3.573066 70.980541 2
1.136022 67.171017 1
0.552626 39.308017 1
1.925499 42.302352 2
0.545754 38.640773 1
0.647526 35.417854 1
0.684877 44.849761 1
3.064596 64.376574 2
0.993908 60.384413 1
3.038169 75.519090 2
2.958770 64.579882 2
1.525003 45.775421 2
0.650513 42.185692 1
1.279034 64.076739 1
1.180120 60.561614 1
0.697376 46.496315 1
1.636357 40.576805 2
2.644184 61.184449 2
3.032323 69.683138 2
1.033993 50.779622 1
2.365792 57.591558 2
2.016247 49.940525 2
2.163343 50.657618 2
1.051641 58.237445 1
2.784890 68.639744 2
0.686571 37.710137 1
1.148349 61.578721 1
0.783864 44.148801 1
2.716379 61.276334 2
1.164023 61.075071 1
1.537612 36.088525 2
0.542306 33.217503 1
3.683329 65.151017 2
0.969457 46.256636 1
1.635202 40.604930 2
2.349637 52.063553 2
1.189003 55.752773 1
0.945135 50.845258 1
2.550249 55.812603 2
1.036078 57.678672 1
0.602832 40.525997 1
1.641224 46.373041 2
1.791491 52.325402 2
3.264953 71.040081 2
1.184553 61.518259 1
1.031487 61.196089 1
0.588314 40.325770 1
2.650763 59.988800 2
2.944664 66.785233 2
0.790613 49.744463 1
2.049907 39.802602 2
3.535335 65.555984 2
0.714776 40.769813 1
1.820649 44.556883 2
2.134306 51.200834 2
3.095437 66.083581 2
1.050112 52.517795 1
2.000389 51.441107 2
1.415596 32.528911 2
1.589239 35.948810 2
0.625828 31.179421 1
0.815250 43.751567 1
1.570447 41.043694 2
0.893144 59.980069 1
2.421149 56.693767 2
3.065543 60.051507 2
0.670016 39.832524 1
1.671791 37.408606 2
3.049538 71.325917 2
2.020639 55.715111 2
1.110293 62.816199 1
2.349741 48.510159 2
0.773195 41.155444 1
2.105350 52.925079 2
0.608523 46.061581 1
0.549983 32.691715 1
2.110681 52.824170 2
0.848280 46.899579 1
3.187631 64.021990 2
1.292627 64.745273 1
1.511919 42.565074 2
1.934836 43.290017 2
1.916348 48.430533 2
3.559066 71.980048 2
1.006985 59.891752 1
2.612225 60.539955 2
2.961991 66.585713 2
2.175944 51.605699 2
0.946275 56.632038 1
2.621961 55.878328 2
1.588982 47.681504 2
2.635605 54.515774 2
1.446399 40.806602 2
2.871041 70.473418 2
2.807461 56.654806 2
2.217024 56.688038 2
1.247844 63.908038 1
2.278260 50.941457 2
2.818588 62.085411 2
0.580631 35.088522 1
0.716628 41.842008 1
2.863663 64.695296 2
1.502103 34.726998 2
2.803666 56.707514 2
0.624862 36.794948 1
2.080057 53.406666 2
1.420141 35.750898 2
0.916155 49.730826 1
2.644028 65.431583 2
1.130207 56.586178 1
2.012959 57.012442 2
0.916653 48.521609 1
2.047557 46.941648 2
0.562066 31.885614 1
2.806842 58.933031 2
0.768356 47.333765 1
2.021293 49.839757 2
3.087482 64.111750 2
1.783133 54.849272 2
3.481684 70.873719 2
0.574187 35.516742 1
0.661023 43.906861 1
0.907213 46.561739 1
1.398234 66.108010 1
0.892159 53.155041 1
1.035880 58.816340 1
2.328862 58.198282 2
2.500051 51.933997 2
3.275146 71.829629 2
1.567056 38.794258 2
2.614723 68.777257 2
0.703856 40.211696 1
1.920099 41.236957 2
1.503031 42.800875 2
2.354514 51.980527 2
2.453943 63.911579 2
0.924463 52.909401 1
2.086643 48.569970 2
1.807578 41.294584 2
0.873005 54.047588 1
1.006956 61.046023 1
1.212502 61.794376 1
2.452969 55.061521 2
2.060635 57.283851 2
0.993908 60.431537 1
3.064596 64.434657 2
0.684877 44.854243 1
0.650513 42.182861 1
2.644184 61.233770 2
1.636357 40.569558 2
1.525003 45.782444 2
2.016247 49.958981 2
3.032323 69.755788 2
2.716379 61.325907 2
0.686571 37.695022 1
3.683329 65.211226 2
2.550249 55.847178 2
1.537612 36.068958 2
1.641224 46.381704 2
0.790613 49.762382 1
2.049907 39.793230 2
1.184553 61.568496 1
1.415596 32.499572 2
3.095437 66.146350 2
2.134306 51.222750 2
0.862720 55.680699 1
3.049538 71.403076 2
2.241477 51.618081 2
1.275897 65.263518 1
0.877703 56.159820 1
2.595379 59.720344 2
0.670016 39.823234 1
1.671791 37.392663 2
0.631596 35.223280 1
2.701760 59.310561 2
0.608523 46.069389 1
2.898826 66.380810 2
2.349741 48.524689 2
0.549983 32.662823 1
1.533413 40.815867 2
0.899787 57.485693 1
3.321217 71.490059 2
2.110681 52.850541 2
2.175944 51.628726 2
1.209226 62.974572 1
1.916348 48.444844 2
1.934836 43.290218 2
2.928989 67.031220 2
0.832757 44.082966 1
0.970769 53.333256 1
0.574313 36.626637 1
2.961991 66.649860 2
1.737503 51.216236 2
1.297388 65.707611 1
0.946275 56.668862 1
1.446399 40.799986 2
2.621961 55.913084 2
2.871041 70.548237 2
2.807461 56.691692 2
0.580631 35.066210 1
3.565247 72.007651 2
0.742609 39.241281 1
1.468169 36.722140 2
1.771218 49.252408 2
3.054160 71.357268 2
3.087482 64.169106 2
1.558462 41.344693 2
1.361112 69.038273 1
1.502103 34.703694 2
2.644028 65.492562 2
1.261755 58.058532 1
2.345978 48.589630 2
1.130207 56.622877 1
1.489917 41.969843 2
2.806842 58.976172 2
2.021293 49.857937 2
0.606219 35.670352 1
2.992327 68.282370 2
1.398234 66.170846 1
0.855960 52.486162 1
0.857472 44.089508 1
1.035880 58.859160 1
0.666900 43.551039 1
1.011556 56.359871 1
3.259197 66.396470 2
2.328862 58.239406 2
1.369504 66.882077 1
2.199523 50.008306 2
3.275146 71.908172 2
0.703856 40.203447 1
1.920099 41.231522 2
2.500051 51.957925 2
1.567056 38.782118 2
2.964213 62.447808 2
2.720657 61.267236 2
0.845316 47.051637 1
0.640085 38.139146 1
1.919930 50.748034 2
2.453943 63.968386 2
2.354514 52.004583 2
0.499007 36.374394 1
1.806356 54.368236 2
0.838052 49.784380 1
0.638018 42.964073 1
2.614723 68.847420 2
0.924463 52.936007 1
2.812461 66.409599 2
0.738243 41.825828 1
1.016461 61.791107 1
0.894760 54.238156 1
3.030674 62.712962 2
2.077367 53.486266 2
0.870084 54.180891 1
2.121853 56.140045 2
3.715368 66.944406 2
0.508025 37.974170 1
2.362941 59.932916 2
0.717282 37.132694 1
1.629561 44.287418 2
1.717513 45.731771 2
3.581535 71.872311 2
0.574601 47.203125 1
2.035041 58.901833 2
0.551878 32.534291 1
0.891674 42.510739 1
0.681292 46.259017 1
2.107580 50.545140 2
3.073757 64.328263 2
0.913437 42.723992 1
0.648174 34.231915 1
2.454881 58.475019 2
3.098442 72.672357 2
3.019331 69.891812 2
2.392659 54.882950 2
0.549732 33.786857 1
1.262033 56.908290 1
0.625782 41.377281 1
2.333249 62.597754 2
3.154804 63.392693 2
2.563482 59.070704 2
1.953791 57.066925 2
1.192662 62.403125 1
0.661120 40.355977 1
3.009403 66.104205 2
2.657241 50.686941 2
0.763929 46.386636 1
0.704125 43.732831 1
1.723585 44.397492 2
0.759885 45.409473 1
0.954296 60.854933 1
0.648717 39.938563 1
2.031065 44.895173 2
1.481419 35.235566 2
3.059373 56.781300 2
1.994427 52.764024 2
0.685069 34.363552 1
2.135154 57.045726 2
1.162416 67.453626 1
1.683410 47.737883 2
2.071480 51.241701 2
0.759963 43.026345 1
1.342824 76.170895 1
3.093071 68.160069 2
2.613877 57.184308 2
3.245186 73.032795 2
1.448677 40.737064 2
3.130406 67.761629 2
3.005335 64.081734 2
0.737061 45.453575 1
1.884437 51.499775 2
0.804734 50.235404 1
1.302874 64.524274 1
1.846585 51.132721 2
1.261904 68.630447 1
2.373632 61.966187 2
2.102813 50.636516 2
0.863812 53.297442 1
1.380786 62.424193 1
0.731555 49.334102 1
0.994800 48.795901 1
0.543104 36.512175 1
2.641502 56.774410 2
1.944991 49.035131 2
2.904287 63.193771 2
2.119607 53.856074 2
