0.902613 21.051765 3
1.483004 68.088525 4
0.852397 28.541009 3
1.598091 71.302095 4
2.443384 80.719196 4
2.529065 79.586128 4
1.075493 25.635293 3
1.840127 75.556833 4
1.693856 73.862483 4
1.217437 25.426951 3
0.856039 19.258523 3
1.834022 74.100475 4
1.122940 28.157832 3
2.446188 80.700152 4
1.186248 29.330510 3
0.885042 19.154346 3
2.495230 80.363032 4
2.018552 76.886012 4
0.995272 21.630291 3
0.876598 19.410586 3
1.144982 27.486464 3
0.978829 25.832008 3
1.709368 71.926347 4
1.388610 44.808029 3
0.921021 20.477598 3
1.009450 26.769276 3
1.127937 25.039661 3
1.889952 77.716907 4
1.229363 36.781644 3
2.310808 79.055149 4
1.083047 32.644433 3
0.928240 17.925768 3
2.061202 76.388065 4
1.304355 33.390221 3
1.608132 73.672937 4
1.173324 29.720636 3
1.935568 77.178086 4
1.342730 37.930684 3
1.922267 79.206168 4
1.093512 30.137593 3
1.649079 72.117725 4
1.566059 69.185650 4
0.898667 22.929146 3
1.178234 19.366356 3
1.270137 42.477080 3
1.294763 32.566123 3
1.632913 74.060113 4
1.543132 72.339528 4
1.659905 71.925044 4
0.825920 21.007458 3
1.301960 32.330236 3
1.333973 32.520970 3
2.375543 80.295337 4
1.440599 67.160281 4
2.322151 81.171101 4
1.508937 74.687648 4
2.104259 77.378489 4
1.760306 75.274710 4
1.391942 32.032466 3
1.082204 27.359880 3
1.795782 81.049288 4
1.176572 28.542034 3
0.784813 20.784409 3
0.968492 31.342247 3
2.182568 81.117210 4
1.013525 22.792243 3
1.141771 28.563733 3
1.161839 25.952053 3
0.914906 20.603726 3
1.342947 33.372672 3
1.898168 77.041244 4
1.138518 28.664077 3
1.182730 38.280379 3
1.060060 28.074996 3
2.007423 79.604850 4
0.894080 18.060030 3
2.110021 80.816304 4
1.161566 28.994818 3
1.375422 35.830440 3
1.043743 21.904555 3
1.431962 72.881385 4
1.088091 27.173863 3
1.780690 79.072015 4
1.672399 73.483866 4
2.229766 79.842429 4
0.827293 21.819726 3
1.056077 30.297683 3
1.471124 68.421838 4
0.897795 21.145679 3
1.773139 77.921990 4
2.296615 77.395660 4
0.939196 26.181998 3
1.165724 40.020409 3
0.919221 24.949554 3
1.819624 74.398839 4
1.694977 72.254553 4
2.376521 81.269723 4
1.374189 31.420429 3
1.349083 31.018138 3
1.664842 67.240245 4
2.152894 76.845797 4
1.861818 72.087804 4
1.124559 24.138936 3
1.827373 74.283928 4
1.084051 24.371554 3
1.382214 36.781177 3
0.870624 22.051172 3
1.821498 77.977007 4
1.815082 73.661347 4
2.249723 81.655672 4
1.936850 81.695402 4
2.013839 81.978893 4
1.189427 31.323151 3
1.628357 66.994953 4
1.494167 69.818400 4
1.171824 27.658244 3
1.020959 23.476519 3
0.871752 19.495174 3
1.411024 40.614213 3
1.217437 25.378117 3
1.075493 25.587032 3
1.209390 32.888375 3
2.529065 79.685984 4
1.693856 73.946607 4
2.337945 79.501509 4
1.410755 40.621852 3
1.448139 64.946762 4
0.852397 28.500724 3
1.598091 71.379189 4
1.840127 75.645608 4
2.049356 76.618284 4
1.212631 28.514662 3
0.948466 23.023775 3
1.836478 77.795915 4
1.770924 75.118481 4
0.995272 21.571034 3
2.018552 76.978437 4
1.483004 68.156798 4
1.144982 27.443284 3
2.001911 80.200391 4
0.856039 19.192755 3
1.083111 21.678596 3
1.098008 31.020827 3
1.570625 76.651483 4
1.886925 75.754313 4
1.560657 68.413143 4
2.495230 80.465027 4
0.885042 19.088291 3
1.127937 24.989764 3
0.829559 22.622360 3
1.026197 24.244492 3
1.834022 74.185251 4
1.173324 29.683589 3
1.009450 26.724127 3
2.117076 77.903493 4
1.304355 33.363247 3
1.608132 73.756540 4
2.332931 79.542859 4
2.446188 80.803078 4
2.164575 81.789370 4
1.282259 36.269155 3
1.543132 72.419470 4
1.294763 32.536887 3
1.566059 69.256934 4
2.310808 79.153548 4
1.210511 32.853653 3
1.064919 28.946932 3
1.178234 19.300883 3
1.922267 79.304981 4
1.659905 72.003849 4
2.196605 78.990178 4
1.342730 37.916173 3
1.093512 30.101690 3
1.345616 31.112302 3
0.921021 20.415176 3
0.786534 25.238617 3
1.813028 69.276321 4
1.061620 22.276876 3
0.930481 21.822345 3
2.182568 81.221282 4
1.121323 27.150723 3
2.121002 79.676785 4
1.169380 26.723130 3
2.123686 82.057916 4
1.918991 79.338473 4
1.632913 74.144779 4
1.513181 70.345618 4
1.342829 37.913281 3
0.968492 31.309651 3
1.284070 32.847041 3
1.458975 69.641394 4
2.343176 81.487062 4
1.253421 29.425480 3
1.874013 77.998629 4
0.927967 21.040142 3
2.314583 79.693504 4
1.128817 36.651105 3
1.012230 26.631007 3
1.544699 67.779908 4
1.738289 77.709579 4
1.424674 63.427973 4
1.825225 73.505709 4
1.407129 40.724717 3
1.446585 71.721519 4
1.800488 72.208307 4
1.257815 31.430165 3
0.903078 23.635082 3
1.376616 32.444183 3
1.185498 31.444770 3
0.990906 26.357213 3
1.675796 74.239636 4
1.977599 77.453089 4
0.906110 17.724589 3
1.375382 36.974533 3
2.125904 79.632902 4
1.902443 77.664395 4
1.146414 30.520422 3
0.866729 23.082366 3
1.310295 29.942789 3
1.890258 79.630101 4
1.566911 72.828569 4
1.643173 66.686662 4
0.931220 19.301279 3
1.176745 30.640095 3
0.996414 24.245901 3
2.135868 80.092944 4
1.850301 67.643878 4
1.470800 68.429083 4
1.479019 69.204398 4
1.573098 70.963732 4
1.398713 34.058956 3
1.350750 30.972984 3
1.881163 73.483866 4
1.097362 24.927073 3
1.950080 79.018710 4
2.377849 81.260983 4
1.403781 32.812888 3
1.107461 21.029102 3
0.845059 22.956227 3
2.042107 78.676459 4
0.926890 17.892842 3
2.416587 80.510418 4
1.032857 34.407132 3
2.267123 80.596931 4
2.159139 80.423758 4
1.037210 22.986130 3
1.998353 78.514265 4
1.330604 42.971028 3
1.497796 70.663152 4
1.533159 66.036227 4
0.967837 23.308607 3
1.922662 77.424906 4
1.764737 74.431733 4
1.208235 25.628355 3
1.654763 73.779363 4
2.087187 78.213893 4
1.181496 26.375020 3
1.020494 28.376465 3
2.014846 79.534093 4
0.912072 16.852408 3
1.752970 78.171948 4
1.338236 39.210210 3
1.520653 71.985983 4
0.934155 20.019010 3
1.606809 78.146780 4
1.251744 36.062690 3
1.153532 31.368531 3
1.577035 67.083665 4
2.252702 76.464145 4
1.427988 65.439226 4
1.074466 30.738557 3
1.662763 75.976083 4
1.795703 76.255959 4
1.206052 31.895718 3
1.149181 30.432941 3
1.695102 68.596314 4
0.914059 21.479836 3
1.862338 77.481218 4
0.946738 27.915962 3
1.583774 74.176041 4
0.999643 24.142684 3
1.260129 39.262706 3
1.318218 24.702486 3
2.034404 79.906917 4
0.830511 25.383436 3
0.902228 20.168418 3
1.676240 76.500497 4
1.063213 30.054507 3
1.373340 33.693799 3
0.873150 18.087720 3
1.275564 30.992415 3
1.194106 34.531770 3
1.493640 68.681262 4
1.272342 40.048533 3
0.969618 24.303045 3
0.926576 22.089668 3
1.043743 19.397222 3
1.792959 72.942650 4
2.014372 72.135461 4
0.963903 23.566774 3
0.887779 19.958915 3
1.464068 71.136780 4
2.218581 76.566709 4
1.292252 32.672680 3
1.316862 19.634100 3
1.274852 42.317330 3
1.784700 71.370890 4
0.939168 20.028455 3
1.343283 42.578260 3
2.482312 78.005561 4
1.191020 29.238579 3
1.216560 30.578522 3
1.137079 35.274403 3
2.223054 81.528117 4
0.947254 26.992046 3
1.543904 65.611933 4
0.921766 21.381951 3
1.888230 73.948627 4
1.390613 37.720565 3
1.091183 26.194673 3
1.691044 69.412698 4
1.128269 27.045198 3
1.659417 69.078305 4
1.296478 26.329534 3
2.056782 78.250358 4
1.744639 72.040085 4
2.169673 78.955550 4
1.879864 72.432730 4
0.820256 19.711397 3
0.872855 22.116669 3
1.937533 74.046541 4
1.166547 34.302525 3
1.820400 74.141667 4
1.085103 26.380457 3
1.449566 72.296387 4
2.265058 81.256070 4
1.421535 68.379151 4
2.164193 81.055889 4
1.406633 35.012059 3
1.803801 75.150475 4
1.141687 24.719645 3
1.611778 78.427548 4
1.196215 27.056632 3
0.862178 21.614329 3
1.259332 33.635306 3
0.881769 24.517322 3
2.351114 77.909015 4
1.699419 75.905910 4
1.788483 68.561643 4
1.770065 69.825979 4
1.192719 26.169799 3
1.949048 79.322532 4
1.882464 78.856012 4
1.703046 70.112068 4
2.066999 75.425066 4
1.149283 25.455575 3
0.844835 19.708221 3
1.005288 22.288385 3
1.934089 79.467541 4
1.688485 69.460555 4
2.255851 78.766439 4
1.102392 25.856909 3
1.208662 31.884927 3
1.571896 67.976986 4
2.334029 80.794463 4
1.368543 37.198925 3
1.630370 71.437011 4
2.031535 77.241192 4
0.885602 18.471972 3
2.213075 80.215146 4
2.096322 73.503391 4
1.884513 72.361680 4
1.509093 75.199944 4
1.439054 69.862730 4
0.963266 26.429476 3
2.139231 79.229547 4
0.898905 20.426255 3
0.903649 22.840617 3
1.246895 30.750886 3
2.496478 75.849617 4
1.195318 31.216087 3
1.401636 38.561511 3
1.142963 29.655175 3
1.778152 78.219598 4
0.989159 20.219634 3
1.751682 69.228125 4
2.660173 74.991758 4
2.312168 78.262641 4
1.513871 69.192129 4
1.008516 22.193011 3
1.797632 77.346531 4
1.062541 26.101587 3
1.164730 32.165025 3
1.355246 41.052148 3
1.096620 31.141805 3
1.225934 42.705869 3
0.917965 19.849200 3
1.122065 25.278552 3
2.035362 71.832830 4
1.773947 69.757429 4
1.373240 31.517768 3
0.963422 23.582280 3
1.857197 77.274958 4
1.970806 79.663561 4
1.683848 73.865446 4
1.373340 33.927942 3
1.271332 26.986089 3
1.879062 74.855601 4
0.919005 25.187461 3
2.243347 78.279509 4
1.975739 72.692067 4
0.926576 22.157089 3
1.194106 34.777952 3
1.961843 80.642394 4
0.914073 21.625035 3
1.984386 81.947385 4
1.323209 33.108160 3
1.903058 81.677492 4
0.887779 19.995722 3
1.316862 19.666241 3
0.798889 21.323160 3
2.482312 78.876347 4
1.983540 77.974720 4
1.343283 42.940047 3
0.969618 24.402267 3
0.939168 20.066261 3
1.274852 42.675368 3
2.319080 77.056974 4
0.963903 23.655418 3
1.543904 66.304646 4
1.216560 30.767908 3
1.888230 74.761115 4
1.653814 71.779556 4
2.223054 82.449529 4
0.947254 27.129901 3
1.390613 38.012561 3
2.056782 79.124661 4
1.659417 69.820820 4
2.176735 81.401144 4
1.405888 34.156129 3
1.421535 69.111621 4
1.641169 78.921080 4
1.038904 20.534623 3
1.744639 72.825152 4
1.311606 33.441030 3
2.265058 82.173574 4
1.085103 26.509526 3
0.872855 22.184477 3
1.191020 29.408713 3
1.820400 74.956928 4
1.265420 37.094910 3
1.052667 26.541342 3
0.990032 24.678557 3
1.449566 73.085137 4
1.108650 29.869955 3
1.788483 69.296735 4
0.945737 29.242303 3
1.611778 79.304396 4
2.351114 78.778414 4
1.259332 33.868608 3
1.770065 70.579236 4
1.018380 21.105726 3
0.881769 24.619623 3
1.443313 63.446929 4
1.531536 71.428507 4
1.005288 22.358661 3
0.894304 19.000771 3
1.208662 32.093082 3
1.245612 40.054645 3
1.882464 79.739017 4
1.630370 72.213414 4
1.368543 37.483426 3
0.844835 19.741426 3
1.571896 68.703678 4
1.243873 28.909873 3
2.255851 79.648157 4
2.144238 81.650027 4
1.108943 29.860420 3
2.213075 81.117685 4
2.139231 80.117918 4
1.367115 47.016045 3
0.898905 20.469777 3
1.595672 73.710414 4
2.066999 76.258767 4
1.401636 38.865588 3
0.947727 25.142675 3
0.885602 18.487414 3
2.031535 78.100992 4
1.246895 30.942748 3
0.963266 26.559249 3
0.903649 22.918827 3
1.513871 69.936279 4
1.021350 24.622473 3
1.142963 29.831295 3
1.776113 77.107524 4
2.312168 79.137120 4
2.005181 80.231733 4
2.244238 80.327236 4
0.989159 20.260187 3
1.008516 22.261916 3
1.449395 65.420703 4
1.151296 27.500456 3
1.075256 22.998105 3
1.068605 18.957983 3
0.920100 19.820495 3
1.410755 40.628956 3
1.931560 75.816404 4
1.217437 25.426951 3
0.948466 23.079054 3
1.483004 68.088525 4
1.840127 75.556833 4
0.852397 28.541009 3
1.448139 64.887277 4
2.529065 79.586128 4
0.902613 21.051765 3
1.075493 25.635293 3
2.443384 80.719196 4
1.098008 31.054213 3
1.116568 27.339866 3
1.505015 74.670475 4
0.876598 19.410586 3
1.836478 77.701250 4
0.885042 19.154346 3
1.570625 76.559952 4
2.495230 80.363032 4
1.770924 75.031149 4
1.220287 21.689930 3
1.122940 28.157832 3
1.083111 21.737558 3
1.886925 75.665241 4
2.018552 76.886012 4
1.144982 27.486464 3
0.995272 21.630291 3
2.446188 80.700152 4
0.928240 17.925768 3
2.117076 77.808533 4
1.889952 77.716907 4
1.173324 29.720636 3
2.061202 76.388065 4
1.388610 44.808029 3
1.304355 33.390221 3
2.332931 79.443394 4
1.709368 71.926347 4
0.829559 22.678738 3
1.608132 73.672937 4
1.210511 32.882022 3
1.009450 26.769276 3
2.164575 81.683723 4
1.632913 74.060113 4
1.270137 42.477080 3
1.659905 71.925044 4
1.543132 72.339528 4
1.064919 28.985995 3
1.294763 32.566123 3
0.898667 22.929146 3
1.282259 36.288174 3
2.196605 78.892227 4
2.428555 80.819482 4
1.935568 77.178086 4
0.936438 16.996468 3
1.093512 30.137593 3
1.342730 37.930684 3
1.178234 19.366356 3
1.436369 66.257017 4
1.760306 75.274710 4
1.847338 78.213280 4
2.322151 81.171101 4
0.784813 20.784409 3
1.391942 32.032466 3
0.968492 31.342247 3
1.508937 74.687648 4
1.301960 32.330236 3
1.440599 67.160281 4
1.795782 81.049288 4
1.333973 32.520970 3
2.104259 77.378489 4
1.082204 27.359880 3
1.831220 80.216462 4
0.825920 21.007458 3
1.176572 28.542034 3
0.894080 18.060030 3
1.138518 28.664077 3
1.678904 75.733514 4
1.141771 28.563733 3
1.161566 28.994818 3
1.898168 77.041244 4
0.914906 20.603726 3
1.460606 66.691683 4
1.639987 73.206496 4
1.342947 33.372672 3
2.110021 80.816304 4
2.282912 76.849981 4
1.617833 68.196637 4
2.145625 76.925791 4
1.757099 75.321836 4
2.401779 79.549075 4
0.915350 18.209934 3
1.672399 73.483866 4
2.229766 79.842429 4
2.296615 77.395660 4
0.897795 21.145679 3
1.834642 77.818151 4
2.152894 76.845797 4
1.349083 31.018138 3
1.554976 70.413027 4
1.861818 72.087804 4
1.664842 67.240245 4
1.084051 24.371554 3
1.374189 31.420429 3
0.974434 22.200718 3
1.124559 24.138936 3
2.376521 81.269723 4
1.957233 73.195238 4
1.819624 74.398839 4
1.827373 74.283928 4
1.165724 40.020409 3
1.382214 36.781177 3
0.858573 19.912331 3
1.052110 28.337852 3
1.936850 81.695402 4
1.189427 31.323151 3
1.892900 76.405175 4
2.013839 81.978893 4
1.359158 38.596097 3
1.026242 26.168207 3
1.171824 27.658244 3
0.871752 19.495174 3
0.902613 20.990919 3
1.209390 32.888375 3
2.049356 76.618284 4
1.217437 25.378117 3
1.448139 64.946762 4
1.840127 75.645608 4
1.075493 25.587032 3
1.693856 73.946607 4
1.505015 74.756816 4
0.948466 23.023775 3
1.212631 28.514662 3
2.529065 79.685984 4
1.613675 70.173982 4
1.598091 71.379189 4
2.337945 79.501509 4
1.836478 77.795915 4
1.083111 21.678596 3
1.770924 75.118481 4
0.876598 19.345235 3
0.885042 19.088291 3
1.886925 75.754313 4
2.495230 80.465027 4
0.995272 21.571034 3
1.144982 27.443284 3
1.220287 21.630837 3
1.173324 29.683589 3
1.229363 36.763979 3
1.834022 74.185251 4
0.928240 17.856342 3
1.709368 72.005155 4
1.304355 33.363247 3
1.083047 32.615412 3
2.117076 77.903493 4
2.446188 80.803078 4
2.332931 79.542859 4
1.127937 24.989764 3
0.829559 22.622360 3
2.061202 76.479123 4
2.196605 78.990178 4
1.282259 36.269155 3
1.294763 32.536887 3
2.428555 80.922736 4
1.064919 28.946932 3
1.935568 77.271313 4
1.345616 31.112302 3
2.310808 79.153548 4
1.178234 19.300883 3
1.093512 30.101690 3
0.936438 16.924485 3
0.921021 20.415176 3
0.898667 22.873455 3
1.649079 72.197058 4
1.566059 69.256934 4
1.513181 70.345618 4
1.838180 76.403384 4
2.121002 79.676785 4
1.918991 79.338473 4
1.847338 78.309352 4
1.121323 27.150723 3
1.360517 35.116880 3
1.284070 32.847041 3
1.632913 74.144779 4
1.270137 42.475050 3
1.169380 26.723130 3
2.182568 81.221282 4
0.786534 25.238617 3
2.123686 82.057916 4
1.061620 22.276876 3
0.968492 31.309651 3
1.342829 37.913281 3
1.128817 36.651105 3
1.874013 77.998629 4
1.738289 77.709579 4
1.584683 69.818400 4
0.734522 22.745864 3
1.424674 63.427973 4
1.253421 29.425480 3
1.084115 23.438829 3
2.314583 79.693504 4
1.458975 69.641394 4
1.375382 36.974533 3
1.675796 74.239636 4
1.307889 27.927707 3
0.903078 23.635082 3
1.446585 71.721519 4
1.977599 77.453089 4
1.257815 31.430165 3
0.990906 26.357213 3
0.906110 17.724589 3
0.879813 20.050044 3
2.123779 81.188101 4
1.082538 24.416363 3
1.185498 31.444770 3
1.902443 77.664395 4
1.000363 22.295501 3
2.362689 78.701806 4
1.839423 81.589030 4
0.891324 23.126492 3
1.890258 79.630101 4
1.146414 30.520422 3
1.827105 79.145627 4
1.428387 68.424253 4
1.428261 73.783843 4
1.082060 23.498141 3
0.996414 24.245901 3
1.398713 34.058956 3
2.135868 80.092944 4
1.573098 70.963732 4
1.881163 73.483866 4
1.347754 29.986712 3
0.845059 22.956227 3
1.950080 79.018710 4
2.377849 81.260983 4
1.350750 30.972984 3
1.483768 66.151564 4
1.479019 69.204398 4
1.470800 68.429083 4
0.891310 21.356689 3
1.358698 35.168294 3
0.836282 26.129319 3
2.267123 80.596931 4
1.922662 77.424906 4
1.344825 29.014088 3
1.998353 78.514265 4
2.159139 80.423758 4
2.416587 80.510418 4
1.037210 22.986130 3
1.812548 75.278895 4
1.032857 34.407132 3
2.295501 80.381252 4
1.330604 42.971028 3
2.135240 80.098281 4
1.181496 26.375020 3
1.725835 74.239237 4
1.337725 43.943075 3
1.654763 73.779363 4
2.014846 79.534093 4
1.208235 25.628355 3
1.108177 26.551976 3
0.832369 27.284683 3
1.811882 79.311341 4
1.020494 28.376465 3
0.886527 25.171690 3
1.102602 25.736472 3
1.427988 65.439226 4
1.606809 78.146780 4
1.529421 74.325745 4
1.393704 41.108393 3
2.252702 76.464145 4
1.153532 31.368531 3
1.146279 30.524692 3
1.251744 36.062690 3
1.342237 35.637837 3
1.940413 77.213522 4
1.662763 75.976083 4
1.110673 26.476054 3
0.934155 20.019010 3
1.074466 30.738557 3
1.318218 24.702486 3
2.034404 79.906917 4
0.946738 27.915962 3
0.914059 21.479836 3
2.128782 81.603027 4
2.071746 77.730966 4
2.035003 80.430693 4
1.206052 31.895718 3
1.695102 68.596314 4
0.902228 20.168418 3
2.376521 79.750138 4
1.862338 77.481218 4
1.063213 30.054507 3
1.961843 79.746594 4
1.958615 77.401367 4
1.272342 40.048533 3
1.652915 76.123663 4
1.034469 24.933768 3
1.373340 33.693799 3
2.018582 77.384644 4
1.493640 68.681262 4
0.919005 25.077117 3
1.194106 34.531770 3
0.969618 24.303045 3
1.886454 81.650687 4
1.792959 72.942650 4
2.319080 76.211966 4
1.984386 81.033087 4
2.218581 76.566709 4
1.343283 42.578260 3
2.482312 78.005561 4
1.262967 31.353103 3
1.464068 71.136780 4
0.939168 20.028455 3
2.014372 72.135461 4
0.963903 23.566774 3
1.274852 42.317330 3
0.798889 21.267551 3
1.784700 71.370890 4
1.903058 80.767020 4
1.405888 33.918754 3
0.927190 22.070087 3
2.223054 81.528117 4
2.176735 80.494588 4
1.296478 26.329534 3
1.128269 27.045198 3
1.653814 71.009298 4
2.056782 78.250358 4
2.100425 72.624220 4
0.872855 22.116669 3
1.038904 20.490183 3
1.449566 72.296387 4
0.990032 24.575421 3
2.265058 81.256070 4
0.820256 19.711397 3
1.641169 78.049660 4
1.879864 72.432730 4
1.421535 68.379151 4
2.046856 80.539316 4
1.937533 74.046541 4
1.136862 25.811428 3
1.611778 78.427548 4
1.770065 69.825979 4
0.862178 21.614329 3
1.788483 68.561643 4
2.164193 81.055889 4
1.949048 79.322532 4
2.351114 77.909015 4
1.803801 75.150475 4
0.945737 29.074525 3
1.005288 22.288385 3
0.844835 19.708221 3
2.255851 78.766439 4
2.066999 75.425066 4
1.703046 70.112068 4
1.630370 71.437011 4
2.334029 80.794463 4
1.368543 37.198925 3
1.934089 79.467541 4
2.144238 80.739944 4
1.882464 78.856012 4
0.894304 18.978057 3
1.208662 31.884927 3
1.243873 28.746804 3
1.245612 39.733726 3
0.963266 26.429476 3
0.898905 20.426255 3
2.031535 77.241192 4
1.401636 38.561511 3
0.903649 22.840617 3
1.595672 72.912808 4
2.213075 80.215146 4
1.884513 72.361680 4
1.195318 31.216087 3
1.509093 75.199944 4
2.096322 73.503391 4
0.947727 25.032966 3
2.496478 75.849617 4
1.246895 30.750886 3
2.139231 79.229547 4
1.523988 68.027591 4
0.885602 18.471972 3
2.244238 79.435900 4
1.290126 32.733777 3
1.008516 22.193011 3
1.513871 69.192129 4
1.075256 22.918772 3
1.797632 77.346531 4
1.151296 27.357352 3
0.989159 20.219634 3
1.547700 76.035135 4
1.021350 24.520132 3
1.751682 69.228125 4
2.660173 74.991758 4
1.778152 78.219598 4
1.068605 18.935875 3
1.548383 73.747120 4
1.096620 31.141805 3
0.917965 19.849200 3
0.963422 23.582280 3
1.857197 77.274958 4
1.263412 30.277318 3
1.373240 31.517768 3
1.010252 17.397397 3
1.122065 25.278552 3
1.970806 79.663561 4
1.062541 26.101587 3
1.225934 42.705869 3
1.453985 68.600606 4
0.873150 18.097642 3
1.275564 31.187746 3
0.919005 25.187461 3
1.373340 33.927942 3
1.683848 73.865446 4
1.792959 73.740685 4
2.018582 78.246504 4
1.961843 80.642394 4
0.926576 22.157089 3
1.194106 34.777952 3
2.030788 80.176160 4
0.887779 19.995722 3
0.939168 20.066261 3
1.464068 71.908869 4
0.969618 24.402267 3
1.274852 42.675368 3
1.983540 77.974720 4
1.343283 42.940047 3
0.963903 23.655418 3
1.903058 81.677492 4
2.482312 78.876347 4
2.319080 77.056974 4
2.100425 73.417680 4
0.921766 21.439204 3
2.056782 79.124661 4
1.691044 70.160017 4
1.653814 71.779556 4
1.216560 30.767908 3
1.091183 26.321073 3
1.888230 74.761115 4
1.405888 34.156129 3
2.046856 81.446515 4
1.265420 37.094910 3
2.169673 79.839985 4
0.872855 22.184477 3
1.166547 34.545413 3
1.085103 26.509526 3
1.108650 29.869955 3
1.820400 74.956928 4
1.641169 78.921080 4
1.421535 69.111621 4
1.311606 33.441030 3
0.990032 24.678557 3
1.191020 29.408713 3
0.862178 21.674920 3
1.699419 76.746521 4
1.196215 27.195415 3
1.141687 24.824853 3
1.406633 35.265141 3
1.770065 70.579236 4
0.945737 29.242303 3
1.788483 69.296735 4
1.018380 21.105726 3
1.611778 79.304396 4
2.351114 78.778414 4
2.164193 81.970514 4
1.192719 26.295841 3
1.136862 25.932322 3
1.259332 33.868608 3
1.934089 80.359332 4
0.894304 19.000771 3
1.688485 70.208561 4
1.102392 25.978456 3
0.844835 19.741426 3
1.703046 70.869435 4
1.882464 79.739017 4
1.208662 32.093082 3
2.144238 81.650027 4
1.108943 29.860420 3
1.803801 75.980232 4
1.149283 25.571356 3
2.255851 79.648157 4
1.595672 73.710414 4
0.963266 26.559249 3
2.139231 80.117918 4
0.898905 20.469777 3
0.903649 22.918827 3
0.947727 25.142675 3
1.195318 31.414633 3
2.096322 74.309482 4
1.523988 68.755010 4
1.367115 47.016045 3
2.213075 81.117685 4
2.031535 78.100992 4
0.885602 18.487414 3
2.066999 76.258767 4
1.401636 38.865588 3
1.778152 79.093458 4
1.075256 22.998105 3
0.989159 20.260187 3
0.920100 19.820495 3
1.151296 27.500456 3
1.008516 22.261916 3
2.005181 80.231733 4
1.509093 76.030411 4
1.513871 69.936279 4
1.021350 24.622473 3
1.776113 77.107524 4
1.290126 32.954127 3
2.312168 79.137120 4
2.337945 79.402158 4
1.217437 25.426951 3
2.049356 76.526844 4
1.098008 31.054213 3
0.852397 28.541009 3
1.840127 75.556833 4
1.598091 71.302095 4
1.505015 74.670475 4
0.948466 23.079054 3
0.902613 21.051765 3
1.886925 75.665241 4
1.834022 74.100475 4
0.978829 25.832008 3
2.018552 76.886012 4
0.995272 21.630291 3
0.876598 19.410586 3
2.495230 80.363032 4
1.122940 28.157832 3
1.570625 76.559952 4
1.560657 68.344169 4
1.083111 21.737558 3
1.770924 75.031149 4
1.186248 29.330510 3
0.856039 19.258523 3
0.885042 19.154346 3
1.836478 77.701250 4
1.127937 25.039661 3
0.928240 17.925768 3
2.310808 79.055149 4
1.304355 33.390221 3
0.921021 20.477598 3
1.083047 32.644433 3
1.173324 29.720636 3
2.332931 79.443394 4
1.608132 73.672937 4
1.009450 26.769276 3
0.829559 22.678738 3
2.117076 77.808533 4
1.210511 32.882022 3
1.889952 77.716907 4
1.632913 74.060113 4
1.345616 31.145438 3
1.543132 72.339528 4
1.649079 72.117725 4
0.786534 25.287833 3
1.659905 71.925044 4
1.566059 69.185650 4
1.064919 28.985995 3
1.270137 42.477080 3
1.342730 37.930684 3
1.922267 79.206168 4
1.935568 77.178086 4
1.178234 19.366356 3
1.093512 30.137593 3
1.282259 36.288174 3
1.301960 32.330236 3
1.760306 75.274710 4
1.333973 32.520970 3
1.082204 27.359880 3
2.375543 80.295337 4
0.825920 21.007458 3
2.104259 77.378489 4
1.831220 80.216462 4
1.440599 67.160281 4
0.968492 31.342247 3
1.391942 32.032466 3
2.182568 81.117210 4
0.784813 20.784409 3
1.508937 74.687648 4
2.322151 81.171101 4
1.342947 33.372672 3
1.161566 28.994818 3
1.182730 38.280379 3
1.617833 68.196637 4
1.898168 77.041244 4
2.282912 76.849981 4
0.894080 18.060030 3
2.053036 70.914578 4
2.007423 79.604850 4
1.639987 73.206496 4
1.678904 75.733514 4
1.161839 25.952053 3
1.460606 66.691683 4
1.141771 28.563733 3
1.043743 21.904555 3
1.088091 27.173863 3
0.915350 18.209934 3
2.296615 77.395660 4
2.145625 76.925791 4
1.834642 77.818151 4
1.757099 75.321836 4
1.214183 29.511044 3
1.190372 32.381711 3
1.773139 77.921990 4
1.431962 72.881385 4
1.672399 73.483866 4
1.664842 67.240245 4
1.349083 31.018138 3
1.694977 72.254553 4
1.554976 70.413027 4
1.084051 24.371554 3
1.439731 71.863239 4
0.888040 24.166586 3
2.376521 81.269723 4
1.233437 33.253551 3
1.861818 72.087804 4
1.052110 28.337852 3
1.925265 79.274284 4
1.494167 69.818400 4
2.249723 81.655672 4
1.359158 38.596097 3
1.628357 66.994953 4
1.171824 27.658244 3
1.821498 77.977007 4
1.189427 31.323151 3
1.020959 23.476519 3
2.013839 81.978893 4
0.852397 28.500724 3
1.212631 28.514662 3
1.931560 75.905892 4
1.209390 32.888375 3
1.217437 25.378117 3
2.443384 80.822175 4
1.448139 64.946762 4
1.693856 73.946607 4
1.613675 70.173982 4
1.410755 40.621852 3
2.529065 79.685984 4
1.840127 75.645608 4
0.902613 20.990919 3
2.049356 76.618284 4
0.948466 23.023775 3
1.598091 71.379189 4
2.337945 79.501509 4
0.995272 21.571034 3
1.886925 75.754313 4
0.885042 19.088291 3
1.560657 68.413143 4
0.978829 25.784286 3
0.876598 19.345235 3
1.836478 77.795915 4
2.018552 76.978437 4
1.483004 68.156798 4
1.098008 31.020827 3
2.001911 80.200391 4
2.495230 80.465027 4
1.220287 21.630837 3
1.186248 29.292392 3
0.856039 19.192755 3
1.608132 73.756540 4
1.083047 32.615412 3
1.173324 29.683589 3
1.889952 77.811615 4
1.122940 28.116494 3
1.388610 44.812397 3
1.834022 74.185251 4
2.061202 76.479123 4
1.229363 36.763979 3
1.709368 72.005155 4
1.009450 26.724127 3
0.928240 17.856342 3
2.164575 81.789370 4
2.332931 79.542859 4
0.829559 22.622360 3
0.898667 22.873455 3
1.345616 31.112302 3
1.294763 32.536887 3
1.543132 72.419470 4
2.196605 78.990178 4
0.921021 20.415176 3
1.922267 79.304981 4
1.659905 72.003849 4
2.310808 79.153548 4
1.210511 32.853653 3
1.342730 37.916173 3
1.064919 28.946932 3
1.121323 27.150723 3
2.123686 82.057916 4
1.360517 35.116880 3
2.121002 79.676785 4
1.284070 32.847041 3
1.847338 78.309352 4
0.786534 25.238617 3
1.513181 70.345618 4
1.270137 42.475050 3
1.838180 76.403384 4
1.632913 74.144779 4
0.968492 31.309651 3
0.858825 20.730198 3
0.734522 22.745864 3
1.084115 23.438829 3
1.407129 40.724717 3
1.869334 72.827724 4
1.709821 70.203492 4
2.314583 79.693504 4
1.458975 69.641394 4
1.584683 69.818400 4
1.544699 67.779908 4
1.424674 63.427973 4
1.082538 24.416363 3
0.903078 23.635082 3
1.886426 75.004278 4
1.257815 31.430165 3
1.703773 72.102135 4
1.446585 71.721519 4
1.185498 31.444770 3
1.983161 79.269933 4
1.905382 81.042407 4
1.977599 77.453089 4
2.125904 79.632902 4
1.307889 27.927707 3
1.375382 36.974533 3
1.310295 29.942789 3
2.782055 77.041244 4
1.000363 22.295501 3
0.891324 23.126492 3
0.866729 23.082366 3
1.082060 23.498141 3
2.362689 78.701806 4
1.890258 79.630101 4
1.428387 68.424253 4
0.931220 19.301279 3
1.566911 72.828569 4
1.693159 72.286060 4
1.839423 81.589030 4
1.902443 77.664395 4
1.483768 66.151564 4
1.470800 68.429083 4
2.135868 80.092944 4
1.350750 30.972984 3
1.347754 29.986712 3
1.881163 73.483866 4
1.850301 67.643878 4
1.097362 24.927073 3
1.276277 33.075460 3
0.996414 24.245901 3
0.845059 22.956227 3
0.980067 21.161460 3
1.330604 42.971028 3
1.533159 66.036227 4
2.159139 80.423758 4
2.416587 80.510418 4
0.891310 21.356689 3
1.998353 78.514265 4
1.812548 75.278895 4
2.267123 80.596931 4
1.764737 74.431733 4
2.295501 80.381252 4
1.108177 26.551976 3
2.087187 78.213893 4
2.014846 79.534093 4
2.135240 80.098281 4
1.181496 26.375020 3
0.912072 16.852408 3
1.051398 21.687722 3
0.944069 16.733000 3
0.827208 24.555843 3
1.725835 74.239237 4
1.811882 79.311341 4
1.146279 30.524692 3
2.252702 76.464145 4
1.714226 73.615457 4
1.393704 41.108393 3
1.662763 75.976083 4
1.030370 24.115051 3
0.886527 25.171690 3
1.110673 26.476054 3
1.251744 36.062690 3
1.342237 35.637837 3
1.149181 30.432941 3
1.795703 76.255959 4
0.946738 27.915962 3
2.034404 79.906917 4
1.862338 77.481218 4
0.914059 21.479836 3
1.260129 39.262706 3
2.071746 77.730966 4
1.275564 30.992415 3
1.792959 72.942650 4
1.712513 74.974075 4
1.194106 34.531770 3
1.958615 77.401367 4
1.063213 30.054507 3
1.961843 79.746594 4
1.886454 81.650687 4
1.043743 19.397222 3
0.969618 24.303045 3
1.493640 68.681262 4
1.652915 76.123663 4
1.373340 33.693799 3
1.800197 78.232915 4
0.873150 18.087720 3
0.919005 25.077117 3
2.018582 77.384644 4
0.926576 22.089668 3
0.798889 21.267551 3
2.319080 76.211966 4
1.274852 42.317330 3
1.983540 77.116709 4
1.784700 71.370890 4
0.939168 20.028455 3
0.887779 19.958915 3
1.262967 31.353103 3
1.903058 80.767020 4
1.323209 32.885628 3
1.316862 19.634100 3
1.343283 42.578260 3
1.984386 81.033087 4
2.223054 81.528117 4
1.296478 26.329534 3
1.659417 69.078305 4
2.176735 80.494588 4
1.191020 29.238579 3
0.927190 22.070087 3
1.128269 27.045198 3
1.543904 65.611933 4
1.216560 30.578522 3
2.056782 78.250358 4
2.100425 72.624220 4
1.405888 33.918754 3
1.744639 72.040085 4
2.169673 78.955550 4
1.108650 29.693287 3
1.038904 20.490183 3
1.265420 36.815911 3
1.879864 72.432730 4
1.820400 74.141667 4
1.937533 74.046541 4
2.046856 80.539316 4
1.052667 26.411823 3
0.872855 22.116669 3
1.449566 72.296387 4
1.166547 34.302525 3
1.085103 26.380457 3
2.265058 81.256070 4
1.949048 79.322532 4
1.770065 69.825979 4
1.803801 75.150475 4
1.259332 33.635306 3
1.196215 27.056632 3
2.351114 77.909015 4
1.136862 25.811428 3
1.018380 21.053197 3
1.699419 75.905910 4
1.443313 62.794691 4
1.141687 24.719645 3
1.531536 70.663222 4
1.192719 26.169799 3
2.255851 78.766439 4
1.208662 31.884927 3
1.630370 71.437011 4
0.844835 19.708221 3
2.334029 80.794463 4
1.703046 70.112068 4
1.934089 79.467541 4
1.688485 69.460555 4
1.005288 22.288385 3
1.149283 25.455575 3
1.245612 39.733726 3
1.571896 67.976986 4
1.595672 72.912808 4
1.509093 75.199944 4
0.947727 25.032966 3
1.367115 46.596528 3
1.884513 72.361680 4
2.096322 73.503391 4
0.903649 22.840617 3
0.898905 20.426255 3
2.213075 80.215146 4
1.401636 38.561511 3
2.031535 77.241192 4
1.439054 69.862730 4
1.751682 69.228125 4
1.151296 27.357352 3
1.776113 76.261800 4
1.142963 29.655175 3
2.005181 79.341749 4
1.075256 22.918772 3
0.989159 20.219634 3
1.021350 24.520132 3
2.312168 78.262641 4
2.244238 79.435900 4
1.547700 76.035135 4
1.096620 31.141805 3
1.453985 68.600606 4
1.773947 69.757429 4
1.164730 32.165025 3
0.963422 23.582280 3
2.035362 71.832830 4
0.917965 19.849200 3
1.970806 79.663561 4
0.813003 20.768691 3
1.010252 17.397397 3
1.373240 31.517768 3
1.792959 73.740685 4
0.914073 21.625035 3
1.683848 73.865446 4
1.712513 75.801297 4
1.271332 26.986089 3
1.975739 72.692067 4
1.493640 69.418073 4
0.985703 25.668049 3
1.373340 33.927942 3
1.275564 31.187746 3
0.926576 22.157089 3
1.194106 34.777952 3
1.958615 78.263468 4
0.963903 23.655418 3
2.482312 78.876347 4
1.984386 81.947385 4
1.274852 42.675368 3
1.983540 77.974720 4
2.014372 72.921899 4
1.262967 31.553617 3
2.319080 77.056974 4
0.939168 20.066261 3
1.323209 33.108160 3
1.390613 38.012561 3
1.691044 70.160017 4
1.888230 74.761115 4
2.056782 79.124661 4
0.927190 22.137226 3
1.091183 26.321073 3
1.653814 71.779556 4
2.176735 81.401144 4
2.100425 73.417680 4
1.216560 30.767908 3
0.872855 22.184477 3
1.641169 78.921080 4
2.046856 81.446515 4
1.449566 73.085137 4
1.937533 74.860436 4
0.990032 24.678557 3
1.038904 20.534623 3
1.085103 26.509526 3
1.421535 69.111621 4
2.265058 82.173574 4
1.191020 29.408713 3
1.196215 27.195415 3
1.141687 24.824853 3
1.788483 69.296735 4
1.136862 25.932322 3
0.862178 21.674920 3
0.881769 24.619623 3
1.611778 79.304396 4
2.351114 78.778414 4
0.945737 29.242303 3
2.164193 81.970514 4
1.770065 70.579236 4
1.949048 80.212239 4
1.192719 26.295841 3
1.531536 71.428507 4
1.699419 76.746521 4
1.443313 63.446929 4
1.879864 73.223439 4
1.934089 80.359332 4
1.882464 79.739017 4
2.334029 81.705329 4
1.005288 22.358661 3
1.102392 25.978456 3
1.571896 68.703678 4
1.245612 40.054645 3
1.108943 29.860420 3
0.894304 19.000771 3
1.803801 75.980232 4
1.439054 70.616515 4
1.367115 47.016045 3
1.401636 38.865588 3
1.195318 31.414633 3
1.246895 30.942748 3
2.213075 81.117685 4
0.898905 20.469777 3
0.885602 18.487414 3
2.496478 76.689419 4
1.595672 73.710414 4
2.139231 80.117918 4
0.947727 25.142675 3
2.066999 76.258767 4
0.963266 26.559249 3
2.031535 78.100992 4
1.884513 73.151368 4
1.151296 27.500456 3
2.660173 75.819235 4
2.312168 79.137120 4
2.244238 80.327236 4
1.509093 76.030411 4
0.920100 19.820495 3
1.776113 77.107524 4
1.778152 79.093458 4
1.290126 32.954127 3
1.008516 22.261916 3
1.068605 18.957983 3
0.989159 20.260187 3
1.021350 24.622473 3
1.449395 65.420703 4
